首周场均人次,首周票房,豆瓣首周评论,总票房
84,181744,3083,339212
68,135212,1009,266503
61,25710,643,175259
69,55978,1693,165592
41,15548,3577,153033
45,103040,1387,147222
60,62796,1686,124632
58,76836,745,120101
40,16562,2244,118438
39,47221,1565,117454
40,50289,811,114973
44,40735,493,112741
55,78628,501,111818
50,60975,962,111180
42,12341,1851,104851
46,47875,998,100450
34,33978,1249,100200
42,31949,1143,97938
37,41042,433,88949
54,34798,1014,82557
35,31178,1192,81424
40,38587,1379,80289
49,35550,1207,78681
44,44277,521,77028
56,29856,420,75792
33,30047,1818,75169
34,31837,1501,73159
31,21713,396,69907
30,34257,1077,67861
45,29911,1034,67825
31,16846,502,65853
43,28836,956,63895
44,37303,1065,61908
30,10994,865,60793
39,24080,794,60630
37,28344,1803,59170
29,31078,866,59073
44,22808,1514,56523
50,9502,57,52248
31,19779,512,51398
37,24035,599,50323
27,20582,1103,48373
34,28099,1097,48297
22,21327,719,47817
22,28543,329,44730
23,32833,845,44713
25,20683,632,44099
22,11789,1871,42659
36,17055,321,39359
32,18161,217,39339
23,15990,944,39230
23,19455,849,38924
24,17739,517,38714
30,19813,600,38291
40,20916,1406,37740
31,14105,1328,37054
24,25134,333,36605
26,16666,348,33896
32,17931,517,33682
33,16851,290,32443
19,12075,811,31449
22,18350,230,30612
25,15746,630,29151
39,10565,29,28775
26,20188,266,28397
26,12278,488,27585
32,10722,158,26032
27,13791,201,25625
21,11978,399,25422
21,14859,2054,24781
26,13046,216,23541
24,8557,476,22702
18,7755,758,21620
26,11767,168,21350
22,11792,497,20970
21,11945,176,20909
14,14858,385,20232
25,10924,382,19208
30,10663,3718,18916
24,9998,310,17991
29,6219,277,17989
24,9143,410,17464
13,5838,1861,17306
18,7757,37,17131
24,9160,240,16739
17,7244,1661,16695
13,8092,1308,16518
21,13495,1786,16136
18,11268,399,16103
17,9027,333,15641
15,5873,234,15284
17,9138,317,14325
14,7865,834,13590
17,8551,423,13433
51,2977,80,12996
20,7290,366,12938
20,6893,150,12782
18,4072,15,12636
23,7771,189,12551
17,6777,75,12408
15,6595,1236,12297
16,9054,270,12262
19,6486,195,12209
18,8067,118,12191
20,6952,602,11840
14,8038,111,11433
11,5069,1320,10914
17,6918,160,10633
24,5467,88,10610
17,5197,227,10355
14,1611,30,10312
13,5666,475,10172
15,5286,360,10075
19,6279,478,10045
10,4473,132,9387
13,4461,515,9082
22,5413,7,9022
22,5236,65,8845
6,155,737,8695
6,779,633,8314
18,5798,144,8108
18,5213,161,8101
31,6235,186,7868
20,5248,354,7865
10,3486,134,7774
12,5446,188,7267
13,3991,305,7144
11,4912,57,6697
29,1506,353,6657
21,3959,0,6548
18,4123,70,6419
14,5172,31,6386
19,3300,74,6338
14,3698,58,6267
13,3809,980,6228
19,2886,50,6164
11,3783,143,6112
15,3495,68,6042
14,4995,50,5952
10,3680,124,5659
12,3257,76,5477
8,4636,96,5404
12,4064,104,5350
44,3628,119,4751
14,1982,0,4507
10,2491,56,4408
8,2093,372,4389
11,2726,114,4320
10,2311,159,4210
12,2598,41,4203
10,2845,25,3995
20,2477,31,3964
12,2377,495,3745
12,1504,35,3669
15,2783,75,3659
11,2503,87,3640
10,2646,57,3617
10,2521,130,3607
10,2660,184,3565
14,2382,55,3539
15,2922,170,3538
7,2133,35,3504
12,2745,87,3468
20,3260,15,3451
10,2406,80,3419
13,2510,167,3318
12,1825,122,3303
14,2036,586,3284
8,2712,30,3218
9,2475,201,3030
13,1363,30,3026
7,2450,23,2989
11,1575,76,2956
14,816,22,2754
20,2374,77,2623
13,1743,31,2502
10,1398,90,2347
6,1718,33,2284
15,1408,0,2231
7,1099,32,2090
7,1303,132,1993
9,1291,40,1896
14,1543,0,1874
23,513,0,1858
9,1772,56,1807
24,902,0,1796
4,1614,129,1748
7,836,425,1736
7,1557,7,1735
12,679,59,1688
5,1311,15,1611
8,1087,311,1604
7,862,4156,1590
11,1008,269,1568
14,1223,15,1554
9,1139,7,1527
8,1127,25,1486
5,950,171,1476
5,1186,45,1446
7,1075,114,1427
12,747,105,1391
7,774,25,1365
11,950,66,1359
6,959,25,1354
29,938,77,1349
11,726,183,1297
8,713,0,1279
12,766,22,1238
5,975,16,1216
4,1103,96,1195
7,832,108,1148
9,705,38,1125
86,333,0,1112
8,819,284,1106
9,687,49,1104
8,482,8,1082
6,72,0,1063
24,179,0,1044
71,386,0,1021
14,480,0,1009
6,749,0,992
11,560,0,973
5,642,7,955
6,783,14,940
5,383,124,939
10,477,0,929
13,557,15,902
9,606,22,898
11,650,24,886
6,482,0,876
2,75,67,865
5,592,8,841
12,463,0,834
4,659,65,828
11,622,0,823
7,722,124,811
8,412,0,805
13,290,0,799
6,469,16,784
6,457,8,762
7,416,186,761
10,264,0,742
9,361,0,733
7,662,15,732
13,612,0,722
5,451,0,711
8,496,0,709
4,629,39,708
6,536,7,692
6,517,8,676
4,272,207,670
4,501,153,654
18,334,478,647
8,379,422,645
9,337,0,642
12,387,7,622
9,564,0,620
5,388,16,619
10,328,0,607
8,295,0,593
1,38,7,587
8,260,15,586
6,321,0,584
5,217,36,551
9,362,15,551
8,158,198,550
8,292,0,525
10,287,7,522
1,7,0,515
5,188,0,514
3,199,0,506
8,380,83,502
3,168,22,497
7,329,0,495
6,432,0,492
7,148,0,485
6,134,0,472
5,217,0,470
11,418,8,468
8,246,0,452
4,320,92,450
5,240,8,449
11,296,0,446
8,274,7,442
5,284,15,438
4,233,871,434
7,304,0,434
8,284,0,432
11,211,0,414
9,224,0,399
8,188,0,395
6,361,0,392
6,263,51,392
8,218,0,387
3,249,7,377
4,250,15,375
9,180,16,373
9,213,0,368
8,143,0,363
3,223,1958,361
6,181,0,343
4,207,247,332
4,187,7,327
4,219,135,326
5,153,0,320
5,199,0,319
3,178,108,314
10,175,0,307
5,146,0,291
9,217,0,277
5,175,186,268
3,41,0,260
6,90,0,258
4,187,8,249
3,193,37,248
5,132,0,247
4,187,7,241
5,170,0,238
4,89,0,237
34,79,0,236
4,168,33,232
7,124,0,229
2,150,37,225
8,167,0,223
5,118,0,218
4,176,0,215
4,131,7,215
3,84,8,213
6,121,0,209
6,91,8,198
6,118,0,197
5,97,0,195
2,79,128,193
4,130,120,193
2,185,15,193
5,91,0,185
4,124,0,177
4,129,16,171
20,19,0,168
4,85,0,164
7,95,0,152
6,56,8,151
3,90,7,147
6,119,0,144
6,64,0,133
4,89,0,121
3,55,0,113
10,98,0,113
2,37,0,110
3,45,0,108
5,43,0,106
6,57,0,104
4,63,0,104
6,99,112,96
4,46,0,85
14,32,0,74
5,43,21,72
6,41,0,67
2,34,0,60
3,22,1,58
2,25,0,56
3,35,74,53
2,36,2,52
8,33,0,44
3,30,0,42
3,20,0,31
2,18,0,30
4,12,0,23
9,64,8,8
